30 200
5 30
18 4
18 23
7 11
20 11
10 20
17 4
10 25
19 4
5 7
20 24
9 5
9 18
12 17
6 16
18 30
12 22
27 22
12 2
12 18
15 6
22 29
9 17
22 17
23 26
28 24
22 21
8 30
9 2
19 23
8 13
10 1
20 14
12 29
25 14
9 24
28 7
19 14
26 6
17 16
3 11
5 1
30 2
9 13
17 24
30 14
9 30
3 16
15 2
27 25
25 2
9 11
3 26
10 13
25 26
10 29
8 20
8 21
17 25
28 25
27 30
12 1
11 6
1 30
20 15
8 1
19 3
8 11
8 24
8 5
10 11
5 21
28 14
28 20
14 16
10 28
5 4
20 22
9 23
26 16
9 3
18 26
27 1
12 16
10 3
3 13
9 28
19 21
18 11
23 17
27 3
27 4
3 28
27 18
12 10
28 18
12 26
23 21
28 5
19 22
12 4
13 16
23 2
15 29
12 7
10 5
10 16
10 6
18 6
13 26
27 24
4 24
23 14
19 25
18 29
1 21
28 29
28 15
4 6
12 6
15 1
13 1
19 11
27 16
29 14
19 8
9 12
11 30
7 17
12 11
17 1
8 26
12 20
8 7
3 20
15 22
2 16
27 23
9 26
9 1
5 26
3 2
28 30
11 29
10 4
23 15
19 15
8 4
23 4
19 18
15 14
15 16
15 7
11 1
5 17
18 15
20 17
18 21
5 29
5 25
10 23
28 4
10 7
30 16
11 21
7 24
3 24
4 30
15 21
13 4
19 29
19 1
8 23
7 30
24 25
9 16
19 24
23 11
12 24
15 30
8 10
3 29
9 10
24 30
11 17
22 2
27 7
9 7
10 18
8 12
1 29
20 7
28 13
22 1
9 29
15 24
15 13
9 20
20 6
3 22

2